 10001488,
 10001655,
 10001665,
 10001680,
 10001713,
 10001358,
 10001352,
 10001727,
 10001728,
 10001732,
 10001729,
 10001736,
 10001737,
 10001358,
 10001352,
 10001349,
 10001341,
 10001341,
 10001338,
 10001338,
 10001333,
 10001325,
 10001331,
 10001331,
 10001348,
 10001348,
 10001321,
 10001314,
 10001310,
 10001349,
 10001352,
 10001358,
 10001467,
 10001488,
 10001655,
 10001665,
 10001680,
 10001713,
 10001727,
 10001729,
 10001728,
 10001732,
 10001736,
 10001737,
 10001748,
 10001756,
 10001769,
 10001771,
 10001778,
 10001787,
 10001907,
 10002053,
 10002152,
 10002168,
 10002172,
 10002176,
 10002198,
 10002211,
 10002213,
 10002222,
 10002229,
 10002249,
 10002245,
 10002243,
 10002262,
 10002376,
 10002405,
 10002434,
 10002462,
 10002466,
 10002474,
 10002481,
 10002482,
 10002484,
 10002213,
 10002222,
 10002229,
 10002243,
 10002245,
 10002249,
 10002262,
 10002376,
 10002405,
 10002434,
 10002462,
 10002466,
 10002474,
 10002481,
 10002482,
 10002484,
 10002487,
 10002527,
 10002530,
 10002533,
 10002532,
 10002537,
 10002539,
 10002579,
 10002581,
 10002582,
 10002599,
 10002612,
 10002613,
 10002734,
 10002738,
 10002735,
 10002739,
 10002845,
 10002859,
 10002875,
 10002887,
 10002892,
 10002904,
 10002903,
 10002996,
 10003008,
 10003016,
 10003039,
 10003042,
 10003054,
 10003120,
 10003121,
 10003122,
 10003231,
 10003234,
 10003239,
 10002904,
 10003122,
 10002903,
 10002903,
 10002996,
 10003008,
 10003016,
 10003039,
 10003042,
 10003054,
 10003120,
 10003121,
 10003122,
 10003231,
 10003236,
 10003234,
 10003239,
 10003314,
 10003399,
 10003484,
 10003492,
 10003521,
 10003525,
 10003524,
 10003530,
 10003537,
 10003548,
 10003592,
 10003602,
 10003617,
 10003624,
 10003691,
 10003701,
 10003704,
 10003751,
 10003755,
 10003756,
 10003829,
 10003839,
 10003912,
 10003915,
 10003936,
 10003937,
 10003962,
 10003963,
 10003970,
 10003967,
 10003972,
 10003973,
 10003751,
 10003755,
 10003756,
 10003829,
 10003839,
 10003912,
 10003915,
 10003937,
 10003936,
 10003962,
 10003963,
 10003967,
 10003970,
 10003972,
 10003973,
 10004079,
 10004128,
 10004127,
 10004168,
 10004169,
 10004191,
 10004220,
 10004233,
 10004241,
 10004270,
 10004279,
 10004290,
 10004313,
 10004350,
 10004355,
 10004357,
 10004358,
 10004363,
 10004417,
 10004471,
 10004513,
 10004522,
 10004541,
 10004546,
 10004554,
 10004563,
 10004350,
 10004355,
 10004358,
 10004357,
 10004363,
 10004417,
 10004471,
 10004513,
 10004522,
 10004541,
 10004554,
 10004546,
 10004563,
 10004951,
 10004969,
 10004968,
 10004971,
 10004979,
 10004981,
 10004978,
 10004984,
 10004982,
 10004988,
 10004991,
 10004992,
 10004994,
 10004996,
 10004997,
 10004998,
 10005004,
 10005007,
 10005003,
 10005008,
 10005010,
 10005019,
 10005021,
 10005020,
 10005023,
 10005022,
 10005024,
 10005025,
 10005028,
 10005029,
 10005037,
 10005032,
 10005040,
 10005038,
 10005047,
 10005043,
 10005050,
 10005051,
 10005053,
 10005052,
 10005055,
 10005064,
 10005066,
 10005065,
 10005067,
 10005068,
 10005070,
 10005071,
 10005072,
 10005073,
 10005074,
 10005075,
 10005079,
 10005076,
 10005081,
 10005080,
 10005082,
 10005083,
 10005085,
 10005086,
 10005087,
 10005088,
 10005090,
 10005092,
 10005093,
 10005095,
 10005096,
 10005100,
 10005106,
 10005104,
 10005108,
 10005107,
 10005109,
 10005112,
 10005113,
 10005116,
 10005117,
 10005118,
 10005125,
 10005124,
 10005131,
 10005127,
 10005132,
 10005134,
 10005136,
 10005135,
 10005141,
 10005137,
 10005144,
 10005145,
 10005147,
 10005148,
 10005149,
 10005150,
 10005151,
 10005154,
 10005155,
 10005156,
 10005158,
 10005159,
 10005157,
 10005160,
 10005161,
 10005162,
 10005164,
 10005163,
 10005166,
 10005165,
 10005570,
 10005167,
 10005572,
 10005573,
 10005574,
 10005575,
 10005576,
 10005611,
 10005613,
 10005614,
 10005615,
 10005618,
 10005620,
 10005621,
 10005623,
 10005622,
 10005638,
 10005639,
 10005640,
 10005630,
 10005642,
 10005644,
 10005645,
 10005651,
 10005657,
 10005656,
 10005694,
 10005695,
 10005697,
 10005696,
 10005699,
 10005701,
 10005698,
 10005700,
 10005703,
 10005702,
 10005705,
 10005704,
 10005708,
 10005709,
 10005711,
 10005710,
 10005712,
 10005713,
 10005717,
 10005714,
 10005722,
 10005721,
 10005724,
 10005741,
 10005747,
 10005758,
 10005763,
 10005759,
 10005766,
 10005765,
 10005771,
 10005808,
 10005813,
 10005814,
 10005819,
 10005863,
 10005867,
 10005868,
 10005869,
 10005870,
 10005874,
 10005876,
 10005875,
 10005622,
 10005882,
 10005657,
 10005884,
 10005656,
 10005694,
 10005695,
 10005697,
 10005696,
 10005698,
 10005699,
 10005700,
 10005701,
 10005702,
 10005703,
 10005705,
 10005704,
 10005708,
 10005709,
 10005710,
 10005711,
 10005713,
 10005712,
 10005717,
 10005714,
 10005722,
 10005721,
 10005724,
 10005741,
 10005747,
 10005758,
 10005759,
 10005763,
 10005765,
 10005766,
 10005771,
 10005808,
 10005813,
 10005819,
 10005814,
 10005863,
 10005869,
 10005867,
 10005868,
 10005870,
 10005874,
 10005876,
 10005882,
 10005875,
 10005884,
 10005886,
 10005889,
 10005892,
 10005893,
 10005895,
 10005898,
 10005897,
 10005899,
 10005900,
 10005904,
 10005908,
 10005911,
 10005922,
 10005919,
 10005931,
 10005930,
 10005936,
 10005941,
 10005932,
 10005943,
 10005944,
 10005945,
 10005948,
 10005950,
 10005952,
 10005951,
 10005954,
 10005953,
 10005956,
 10005955,
 10005958,
 10005959,
 10005965,
 10005961,
 10005967,
 10005962,
 10005970,
 10005969,
 10005968,
 10005971,
 10005974,
 10005972,
 10005976,
 10005975,
 10005978,
 10005977,
 10005980,
 10005979,
 10005984,
 10005985,
 10005986,
 10005987,
 10005988,
 10005989,
 10005992,
 10005991,
 10005993,
 10005994,
 10005996,
 10005995,
 10005998,
 10005997,
 10005999,
 10006000,
 10006069,
 10006080,
 10006090,
 10006087,
 10006096,
 10006091,
 10006099,
 10006097,
 10006100,
 10006101,
 10006102,
 10006109,
 10006110,
 10006111,
 10006112,
 10006114,
 10006123,
 10006121,
 10006124,
 10006164,
 10006175,
 10006178,
 10006269,
 10006280,
 10006314,
 10006449,
 10006477,
 10006490,
 10006499,
 10006517,
 10006522,
 10006560,
 10006269,
 10006269,
 10006522,
 10006280,
 10006314,
 10006449,
 10006477,
 10006490,
 10006499,
 10006517,
 10006522,
 10006560,
 10006667,
 10006670,
 10006669,
 10006771,
 10006779,
 10006788,
 10006794,
 10006795,
 10006798,
 10006820,
 10006847,
 10006851,
 10006860,
 10006921,
 10007031,
 10007062,
 10007063,
 10007142,
 10007147,
 10007161,
 10007169,
 10007171,
 10007172,
 10007173,
 10007174,
 10007175,
 10007176,
 10007178,
 10007179,
 10007181,
 10007180,
 10007183,
 10007182,
 10007185,
 10007184,
 10007186,
 10007188,
 10007189,
 10007191,
 10007193,
 10007192,
 10007195,
 10007194,
 10007198,
 10007200,
 10007202,
 10007203,
 10007204,
 10007205,
 10007206,
 10007207,
 10007209,
 10007208,
 10007210,
 10007211,
 10007213,
 10007214,
 10007215,
 10007212,
 10007216,
 10007219,
 10007222,
 10007225,
 10007223,
 10007226,
 10007228,
 10007227,
 10007230,
 10007231,
 10007234,
 10007236,
 10007237,
 10007238,
 10007239,
 10007240,
 10007242,
 10007241,
 10007245,
 10007169,
 10007365,
 10007180,
 10007181,
 10007182,
 10007183,
 10007184,
 10007185,
 10007186,
 10007191,
 10007189,
 10007188,
 10007193,
 10007192,
 10007194,
 10007195,
 10007200,
 10007198,
 10007202,
 10007203,
 10007205,
 10007204,
 10007206,
 10007207,
 10007209,
 10007208,
 10007210,
 10007211,
 10007213,
 10007212,
 10007214,
 10007215,
 10007219,
 10007216,
 10007222,
 10007223,
 10007225,
 10007227,
 10007226,
 10007228,
 10007230,
 10007231,
 10007236,
 10007237,
 10007238,
 10007234,
 10007239,
 10007240,
 10007241,
 10007242,
 10007245,
 10007365,
 10007376,
 10007381,
 10007393,
 10007391,
 10007399,
 10007400,
 10007414,
 10007416,
 10007513,
 10007521,
 10007535,
 10007557,
 10007550,
 10007558,
 10007589,
 10007808,
 10007865,
 10007868,
 10007871,
 10007886,
 10007932,
 10007961,
 10007962,
 10007971,
 10007990,
 10008023,
 10008030,
 10008032,
 10008053,
 10008107,
 10008133,
 10008152,
 10008166,
 10008184,
 10008189,
 10008190,
 10008195,
 10008193,
 10008192,
 10008196,
 10008229,
 10008107,
 10008133,
 10008152,
 10008166,
 10008184,
 10008189,
 10008190,
 10008193,
 10008192,
 10008195,
 10008196,
 10008229,
 10008430,
 10008431,
 10008441,
 10008461,
 10008471,
 10008503,
 10008554,
 10008955,
 10008957,
 10008974,
 10008973,
 10008985,
 10008987,
 10008991,
 10009014,
 10009013,
 10009018,
 10009017,
 10009305,
 10009333,
 10009355,
 10009634,
 10009759,
 10009762,
 10009777,
 10009807,
 10009808,
 10009811,
 10009813,
 10009817,
 10009821,
 10009848,
 10009907,
 10009908,
 10009910,
 10009913,
 10009916,
 10009922,
 10009923,
 10009925,
 10009941,
 10009946,
 10009950,
 10009759,
 10009762,
 10009777,
 10009808,
 10009807,
 10009811,
 10009813,
 10009817,
 10009821,
 10009848,
 10009907,
 10009908,
 10009910,
 10009913,
 10009916,
 10009923,
 10009922,
 10009925,
 10009941,
 10009946,
 10009950,
 10009958,
 10009963,
 10010095,
 10010125,
 10010132,
 10010133,
 10010134,
 10010159,
 10010165,
 10010236,
 10010248,
 10010255,
 10010258,
 10010429,
 10010446,
 10010502,
 10010530,
 10010535,
 10010539,
 10010541,
 10010446,
 10010502,
 10010530,
 10010535,
 10010539,
 10010541,
 10010557,
 10010562,
 10010564,
 10010566,
 10010573,
 10010574,
 10010576,
 10010577,
 10010578,
 10010582,
 10010592,
 10010591,
 10010607,
 10010611,
 10010703,
 10010756,
 10010757,
 10010762,
 10010765,
 10010835,
 10010842,
 10010861,
 10010863,
 10010864,
 10010878,
 10010882,
 10010881,
 10010886,
 10010895,
 10010894,
 10010929,
 1011403,
 1011400,
 1011421,
 1011417,
 1011425,
 1011426,
 1011432,
 1011429,
 1011433,
 1011434,
 1011435,
 1011459,
 10010886,
 10010929,
 1011403,
 1011400,
 1011421,
 1011425,
 1011417,
 1011426,
 1011429,
 1011432,
 1011433,
 1011459,
 1011435,
 1011434,
 1011460,
 1011462,
 1011480,
 1011461,
 1011482,
 1011483,
 1011486,
 1011487,
 1011484,
 1011491,
 1011492,
 1011493,
 1011496,
 1011497,
 1011498,
 1011500,
 1011499,
 1011501,
 1011502,
 1011507,
 1011506,
 1011509,
 1011508,
 1011511,
 1011510,
 1011518,
 1011513,
 1011520,
 1011519,
 1011521,
 1011525,
 1011526,
 1011528,
 1011529,
 1011531,
 1011530,
 1011534,
 1011532,
 1011533,
 1011536,
 1011535,
 1011537,
 1011538,
 1011540,
 1011539,
 1011545,
 1011544,
 1011588,
 1011587,
 1011605,
 1011595,
 1011608,
 1011609,
 1011612,
 1011610,
 1011613,
 1011628,
 1011635,
 1011634,
 1011636,
 1011637,
 1011638,
 1011639,
 1011640,
 1011641,
 1011643,
 1011644,
 1011642,
 1011654,
 1011744,
 1011743,
 1011742,
 1011748,
 1011752,
 1011753,
 1011756,
 1011781,
 1011787,
 1011784,
 1011826,
 1011829,
 1011832,
 1011833,
 1011840,
 1011843,
 1011848,
 1011850,
 1011851,
 1011853,
 1011865,
 1011868,
 1011869,
 1011886,
 1011888,
 1011887,
 1011889,
 1011890,
 1011892,
 1011891,
 1011925,
 1011893,
 1011952,
 1011950,
 1011955,
 1011956,
 1011959,
 1011958,
 1011960,
 1011975,
 1011961,
 1011963,
 1011978,
 1011979,
 1011982,
 1011980,
 1011983,
 1011984,
 1011987,
 1011988,
 1011990,
 1011989,
 1011991,
 1011992,
 1011995,
 1011996,
 1011993,
 1011994,
 1011998,
 1011997,
 1012000,
 1011999,
 1012001,
 1012004,
 1012005,
 1012006,
 1012007,
 1012009,
 1012011,
 1012010,
 1012012,
 1012015,
 1012016,
 1012023,
 1012024,
 1012025,
 1012027,
 1012026,
 1012029,
 1012028,
 1012030,
 1012031,
 1012032,
 1012033,
 1012034,
 1012035,
 1012036,
 1012037,
 1012038,
 1012039,
 1012042,
 1012043,
 1012044,
 1012045,
 1012046,
 1012047,
 1012049,
 1012048,
 1012050,
 1012051,
 1012052,
 1012053,
 1012055,
 1012054,
 1012056,
 1012057,
 1012058,
 1012059,
 1012061,
 1012060,
 1012062,
 1012063,
 1012067,
 1012064,
 1012066,
 1012080,
 1012090,
 1012091,
 1012093,
 1012095,
 1012094,
 1012096,
 1012097,
 1012103,
 1012102,
 1012099,
 1012108,
 1012113,
 1012114,
 1012125,
 1012119,
 1012127,
 1012128,
 1012126,
 1012129,
 1012136,
 1012134,
 1012137,
 1012138,
 1012141,
 1012142,
 1012145,
 1012146,
 1012143,
 1012147,
 1012148,
 1012149,
 1012152,
 1012151,
 1012153,
 1012154,
 1012155,
 1012156,
 1012157,
 1012158,
 1012160,
 1012159,
 1012161,
 1012162,
 1012163,
 1012165,
 1012169,
 1012170,
 1012172,
 1012174,
 1012175,
 1012179,
 1012180,
 1012056,
 1012058,
 1012057,
 1012059,
 1012060,
 1012061,
 1012062,
 1012063,
 1012064,
 1012066,
 1012067,
 1012080,
 1012090,
 1012091,
 1012093,
 1012095,
 1012094,
 1012096,
 1012097,
 1012099,
 1012102,
 1012103,
 1012113,
 1012108,
 1012114,
 1012119,
 1012125,
 1012128,
 1012129,
 1012126,
 1012127,
 1012136,
 1012134,
 1012137,
 1012138,
 1012142,
 1012145,
 1012141,
 1012143,
 1012147,
 1012146,
 1012149,
 1012148,
 1012152,
 1012151,
 1012153,
 1012154,
 1012156,
 1012155,
 1012158,
 1012157,
 1012159,
 1012160,
 1012161,
 1012162,
 1012163,
 1012165,
 1012170,
 1012169,
 1012172,
 1012174,
 1012175,
 1012179,
 1012180,
 1012184,
 1012182,
 1012185,
 1012186,
 1012188,
 1012187,
 1012189,
 1012192,
 1012194,
 1012191,
 1012195,
 1012196,
 1012198,
 1012200,
 1012197,
 1012199,
 1012201,
 1012202,
 1012206,
 1012209,
 1012210,
 1012203,
 1012211,
 1012217,
 1012219,
 1012218,
 1012220,
 1012222,
 1012221,
 1012223,
 1012225,
 1012226,
 1012228,
 1012227,
 1012229,
 1012235,
 1012243,
 1012244,
 1012246,
 1012245,
 1012247,
 1012248,
 1012249,
 1012250,
 1012253,
 1012252,
 1012251,
 1012254,
 1012256,
 1012255,
 1012257,
 1012258,
 1012260,
 1012259,
 1012262,
 1012261,
 1012273,
 1012263,
 1012275,
 1012282,
 1012283,
 1012286,
 1012285,
 1012287,
 1012288,
 1012291,
 1012289,
 1012290,
 1012292,
 1012294,
 1012293,
 1012296,
 1012298,
 1012295,
 1012297,
 1012300,
 1012303,
 1012301,
 1012299,
 1012308,
 1012309,
 1012310,
 1012311,
 1012312,
 1012314,
 1012315,
 1012317,
 1012316,
 1012318,
 1012320,
 1012319,
 1012323,
 1012321,
 1012325,
 1012327,
 1012329,
 1012328,
 1012330,
 1012332,
 1012334,
 1012333,
 1012336,
 1012335,
 1012337,
 1012339,
 1012338,
 1012340,
 1012344,
 1012345,
 1012346,
 1012347,
 1012349,
 1012348,
 1012351,
 1012350,
 1012353,
 1012356,
 1012355,
 1012357,
 1012358,
 1012359,
 1012361,
 1012362,
 1012360,
 1012363,
 1012364,
 1012366,
 1012365,
 1012367,
 1012368,
 1012369,
 1012370,
 1012373,
 1012374,
 1012372,
 1012375,
 1012376,
 1012377,
 1012379,
 1012378,
 1012380,
 1012381,
 1012383,
 1012382,
 1012384,
 1012385,
 1012387,
 1012386,
 1012388,
 1012389,
 1012391,
 1012390,
 1012393,
 1012392,
 1012394,
 1012397,
 1012396,
 1012395,
 1012399,
 1012398,
 1012400,
 1012401,
 1012403,
 1012405,
 1012407,
 1012404,
 1012408,
 1012409,
 1012410,
 1012411,
 1012412,
 1012414,
 1012413,
 1012415,
 1012417,
 1012418,
 1012419,
 1012420,
 1012421,
 1012422,
 1012423,
 1012425,
 1012427,
 1012431,
 1012430,
 1012432,
 1012433,
 1012434,
 1012435,
 1012437,
 1012439,
 1012438,
 1012440,
 1012441,
 1012443,
 1012442,
 1012445,
 1012444,
 1012446,
 1012447,
 1012449,
 1012448,
 1012451,
 1012450,
 1012452,
 1012453,
 1012455,
 1012454,
 1012457,
 1012456,
 1012458,
 1012459,
 1012460,
 1012462,
 1012461,
 1012464,
 1012466,
 1012465,
 1012467,
 1012468,
 1012469,
 1012470,
 1012472,
 1012471,
 1012475,
 1012474,
 1012476,
 1012477,
 1012479,
 1012478,
 1012480,
 1012481,
 1012483,
 1012482,
 1012486,
 1012484,
 1012488,
 1012487,
 1012490,
 1012489,
 1012491,
 1012492,
 1012495,
 1012493,
 1012496,
 1012494,
 1012497,
 1012498,
 1012499,
 1012500,
 1012407,
 1012407,
 1012408,
 1012501,
 1012502,
 1012503,
 1012504,
 1012505,
 1012506,
 1012507,
 1012509,
 1012511,
 1012510,
 1012512,
 1012409,
 1012410,
 1012417,
 1012418,
 1012404,
 1012403,
 1012400,
 1012399,
 1012398,
 1012397,
 1012396,
 1012395,
 1012394,
 1012393,
 1012390,
 1012391,
 1012392,
 1012389,
 1012388,
 1012430,
 1012431,
 1012433,
 1012432,
 1012434,
 1012435,
 1012437,
 1012438,
 1012439,
 1012441,
 1012442,
 1012443,
 1012440,
 1012444,
 1012445,
 1012446,
 1012447,
 1012448,
 1012450,
 1012449,
 1012451,
 1012452,
 1012453,
 1012454,
 1012455,
 1012456,
 1012457,
 1012458,
 1012459,
 1012460,
 1012461,
 1012462,
 1012464,
 1012466,
 1012465,
 1012467,
 1012468,
 1012470,
 1012469,
 1012472,
 1012471,
 1012474,
 1012475,
 1012477,
 1012476,
 1012479,
 1012478,
 1012480,
 1012481,
 1012482,
 1012483,
 1012484,
 1012486,
 1012488,
 1012490,
 1012489,
 1012487,
 1012492,
 1012491,
 1012494,
 1012493,
 1012496,
 1012495,
 1012498,
 1012497,
 1012499,
 1012500,
 1012502,
 1012501,
 1012504,
 1012503,
 1012506,
 1012505,
 1012507,
 1012509,
 1012510,
 1012512,
 1012511,
 1012528,
 1012513,
 1012529,
 1012530,
 1012532,
 1012531,
 1012533,
 1012534,
 1012535,
 1012536,
 1012537,
 1012538,
 1012539,
 1012540,
 1012541,
 1012542,
 1012543,
 1012544,
 1012546,
 1012547,
 1012545,
 1012548,
 1012549,
 1012552,
 1012550,
 1012551,
 1012554,
 1012555,
 1012553,
 1012556,
 1012557,
 1012558,
 1012559,
 1012560,
 1012562,
 1012563,
 1012564,
 1012561,
 1012565,
 1012566,
 1012567,
 1012568,
 1012569,
 1012570,
 1012572,
 1012571,
 1012573,
 1012574,
 1012575,
 1012576,
 1012577,
 1012578,
 1012579,
 1012580,
 1012581,
 1012582,
 1012584,
 1012583,
 1012585,
 1012588,
 1012587,
 1012586,
 1012589,
 1012590,
 1012592,
 1012593,
 1012591,
 1012599,
 1012617,
 1012618,
 1012619,
 1012620,
 1012621,
 1012622,
 1012624,
 1012623,
 1012626,
 1012625,
 1012633,
 1012634,
 1012635,
 1012636,
 1012638,
 1012639,
 1012640,
 1012637,
 1012641,
 1012644,
 1012642,
 1012645,
 1012643,
 1012646,
 1012648,
 1012647,
 1012649,
 1012650,
 1012651,
 1012652,
 1012654,
 1012653,
 1012656,
 1012655,
 1012658,
 1012657,
 1012660,
 1012659,
 1012662,
 1012661,
 1012663,
 1012664,
 1012665,
 1012666,
 1012667,
 1012669,
 1012671,
 1012670,
 1012672,
 1012674,
 1012673,
 1012675,
 1012677,
 1012678,
 1012679,
 1012681,
 1012680,
 1012682,
 1012683,
 1012684,
 1012685,
 1012686,
 1012687,
 1012688,
 1012689,
 1012691,
 1012690,
 1012692,
 1012693,
 1012694,
 1012695,
 1012697,
 1012696,
 1012699,
 1012698,
 1012700,
 1012701,
 1012702,
 1012703,
 1012705,
 1012706,
 1012707,
 1012704,
 1012709,
 1012708,
 1012711,
 1012710,
 1012713,
 1012712,
 1012715,
 1012714,
 1012716,
 1012717,
 1012718,
 1012719,
 1012720,
 1012721,
 1012722,
 1012723,
 1012724,
 1012725,
 1012727,
 1012726,
 1012729,
 1012728,
 1012731,
 1012730,
 1012733,
 1012732,
 1012734,
 1012737,
 1012738,
 1012735,
 1012740,
 1012739,
 1012741,
 1012744,
 1012743,
 1012742,
 1012745,
 1012746,
 1012747,
 1012752,
 1012751,
 1012754,
 1012753,
 1012756,
 1012755,
 1012757,
 1012759,
 1012760,
 1012758,
 1012762,
 1012761,
 1012763,
 1012765,
 1012764,
 1012766,
 1012768,
 1012767,
 1012772,
 1012778,
 1012779,
 1012780,
 1012782,
 1012781,
 1012783,
 1012784,
 1012786,
 1012785,
 1012787,
 1012788,
 1012789,
 1012790,
 1012791,
 1012792,
 1012797,
 1012794,
 1012795,
 1012796,
 1012800,
 1012802,
 1012708,
 1012708,
 1012709,
 1012709,
 1012805,
 1012808,
 1012807,
 1012812,
 1012813,
 1012814,
 1012815,
 1012816,
 1012811,
 1012817,
 1012818,
 1012819,
 1012820,
 1012821,
 1012822,
 1012823,
 1012714,
 1012716,
 1012716,
 1012717,
 1012717,
 1012718,
 1012718,
 1012719,
 1012719,
 1012705,
 1012704,
 1012703,
 1012702,
 1012701,
 1012700,
 1012720,
 1012722,
 1012724,
 1012725,
 1012726,
 1012727,
 1012728,
 1012729,
 1012730,
 1012731,
 1012732,
 1012733,
 1012734,
 1012735,
 1012737,
 1012738,
 1012739,
 1012740,
 1012741,
 1012742,
 1012743,
 1012744,
 1012745,
 1012746,
 1012747,
 1012751,
 1012753,
 1012754,
 1012752,
 1012755,
 1012756,
 1012758,
 1012757,
 1012759,
 1012760,
 1012761,
 1012762,
 1012764,
 1012763,